{
    "1C435217-1F56-4B14-B162-D5571841CD11/ExpandedNodes/79A226D0-B2DC-4AB8-B37F-3B556ABBE991": "Kit",
    "Camera/Position/X": 6.940292835235596,
    "Camera/Position/Y": 39.524085998535156,
    "Camera/Position/Z": 34.627838134765625,
    "Camera/Rotation/W": 0.9183596968650818,
    "Camera/Rotation/X": -0.3839455544948578,
    "Camera/Rotation/Y": 0.08850003778934479,
    "Camera/Rotation/Z": 0.036999866366386414,
    "Camera/Type": 0,
    "Editor/ValueDraggerStepSize": 10,
    "SnapTypePosiotion/SnapPreset1": 1,
    "SnapTypePosiotion/SnapPreset2": 10,
    "SnapTypePosiotion/SnapPresetSelected": 0,
    "SnapTypeRotation/SnapPreset1": 45,
    "SnapTypeRotation/SnapPreset2": 90,
    "SnapTypeRotation/SnapPresetSelected": 0,
    "export/projectName": "Platformer-Prototype-Example-Kit"
}
