{"@class":"Character","id":{"uuid":"229A08F6-437B-4D13-A514-5AA800B5AF01"},"airJumpIsActive":true,"maxStableSlopeAngle":45.0,"maxStableMoveSpeed":8.0,"stableMovementSharpness":0.05000000074505806,"maxAirMoveSpeed":8.0,"airAccelerationSpeed":0.10000000149011612,"rotationSpeed":0.10000000149011612,"allowJumpingWhenSliding":true,"allowWallJump":true,"jumpSpeed":2.0,"airJumpSpeed":3.0,"wallJumpSpeed":3.0,"crouchHeight":1.399999976158142,"crouchSpeed":3.0,"slideSpeed":12.0,"wallHangSpeed":-1.0,"maxStepHeight":0.5,"ladderClimbingSpeed":6.0,"ladderGrabSpeed":6.0,"discreteRotationAngle":90.0,"isDiscreteRotation":false,"body":[{"@class":"BaseNode","object3D":{"@class":"BaseObject3D","id":{"uuid":"C95EA845-BC44-4DCC-857D-B0257C48D480"},"name":"MainCharacter Body","enabled":true,"visible":true,"hitVisible":true,"colliders":[{"@class":"BaseComponentCollider","colliderId":{"uuid":"0B9B1629-CD3E-4982-8D37-75D22914A580"}}],"rigidBody":{"@class":"BaseComponentPhysBody","rigidBodyId":{"uuid":"8614EDEB-0FE9-4C59-89B4-5D7EA5CBCED3"},"isEnabled":true},"transform":{"@class":"BaseComponentTransformable","localTransforms":{"values":[1.0,0.0,0.0,0.0,0.0,1.0,0.0,0.0,0.0,0.0,1.0,0.0,0.0,0.0,0.0,1.0]}},"metadata":{"importedIdentifier":"","importedName":"","isBone":false}},"children":["F120ABF9-C7A7-4FAB-968C-30F47B1ED2A1","0BCBBF81-CA2F-4C65-9D09-8AA2B9B9F55E"]},{"@class":"BaseNode","object3D":{"@class":"BaseObject3D","id":{"uuid":"F120ABF9-C7A7-4FAB-968C-30F47B1ED2A1"},"name":"Model","enabled":true,"visible":true,"hitVisible":true,"transform":{"@class":"BaseComponentTransformable","localTransforms":{"values":[1.0,0.0,0.0,0.0,0.0,1.0,0.0,0.0,0.0,0.0,1.0,0.0,0.0,0.0,0.0,1.0]}},"metadata":{"importedIdentifier":"","importedName":"","isBone":false}},"children":["6B3F70B0-2D4A-4489-B980-D4CDA2BB882E"]},{"@class":"BaseNode","object3D":{"@class":"BaseObject3D","id":{"uuid":"6B3F70B0-2D4A-4489-B980-D4CDA2BB882E"},"name":"Generic_male_base","enabled":true,"visible":true,"hitVisible":true,"transform":{"@class":"BaseComponentTransformable","localTransforms":{"values":[-1.1920927533992654e-7,0.0,-1.0,0.0,0.0,1.0,0.0,0.0,1.0,0.0,-1.1920927533992654e-7,0.0,-0.10000000149011612,0.0,0.0,1.0]}},"metadata":{"importedIdentifier":"RootNode","importedName":"RootNode","isBone":false}},"children":["953AD295-D4AE-40C4-A04F-712EC276443A","7DBB4656-9BAB-4585-B1F6-8AE55A51C2FF","0A324D5F-6C4D-4DDC-9ED4-F9632819FFC2","378518FB-B1E4-4D01-876D-BE8778447512","4C07E703-A8D0-4DC6-9D07-CF7CBBC8B2B3","624CC796-6A0E-46D8-80F3-A8650D581C92","68ED84E2-D00C-48A5-9DCF-A36B168C2965","E1918F06-D210-44D1-9642-A22DCE62CC2D","40FBD65B-71B0-4356-8C8C-B3891A69EE19","8329EB7F-FE63-444D-ACE7-38EFD3E3BDFA","9D57DE56-69C9-40B6-9B19-9A1AF1AF3874","F21E8FB0-4CCE-4720-9593-CDD00D9E1AB5","8209AC2E-AFC4-4D7D-9B97-0B81A87AB432","21F4617D-3866-422B-8E5F-91433E41CA71","18B76BB6-25DA-41A3-8B67-E896147817BA"]},{"@class":"BaseNode","object3D":{"@class":"BaseObject3D","id":{"uuid":"953AD295-D4AE-40C4-A04F-712EC276443A"},"name":"G_male_base_armature","enabled":true,"visible":true,"hitVisible":true,"transform":{"@class":"BaseComponentTransformable","localTransforms":{"values":[1.0,0.0,0.0,0.0,0.0,1.0,0.0,0.0,0.0,0.0,1.0,0.0,0.0,0.0,0.0,1.0]}},"metadata":{"importedIdentifier":"G_male_base_armature","importedName":"G_male_base_armature","isBone":false}},"children":["419BD544-3B44-45AB-923E-3A56E3EB3C05"]},{"@class":"BaseNode","object3D":{"@class":"BaseObject3D","id":{"uuid":"419BD544-3B44-45AB-923E-3A56E3EB3C05"},"name":"root_bone","enabled":true,"visible":true,"hitVisible":true,"transform":{"@class":"BaseComponentTransformable","localTransforms":{"values":[1.0,0.0,0.0,0.0,0.0,1.0,0.0,0.0,0.0,0.0,1.0,0.0,0.0,0.0,0.0,1.0]}},"metadata":{"importedIdentifier":"root_bone","importedName":"root_bone","isBone":true}},"children":["7C7CCBD9-C303-40C9-84C1-026307270492"]},{"@class":"BaseNode","object3D":{"@class":"BaseObject3D","id":{"uuid":"7C7CCBD9-C303-40C9-84C1-026307270492"},"name":"Hips","enabled":true,"visible":true,"hitVisible":true,"transform":{"@class":"BaseComponentTransformable","localTransforms":{"values":[1.0,0.0,0.0,0.0,0.0,1.0,0.0,0.0,0.0,0.0,1.0,0.0,-2.845525659379649e-16,0.9985675811767578,0.034149155020713809,1.0]}},"metadata":{"importedIdentifier":"Hips","importedName":"Hips","isBone":true}},"children":["06C5DE35-B6B8-4C67-892D-B9ADBB8B8472","72F79F71-15C6-4B7F-B86D-408756D530FA","094D690C-9FA1-4676-8D69-14A0A229FDC3"]},{"@class":"BaseNode","object3D":{"@class":"BaseObject3D","id":{"uuid":"06C5DE35-B6B8-4C67-892D-B9ADBB8B8472"},"name":"spine","enabled":true,"visible":true,"hitVisible":true,"transform":{"@class":"BaseComponentTransformable","localTransforms":{"values":[1.0,0.0,0.0,0.0,0.0,0.9991725087165833,-0.04067375138401985,0.0,0.0,0.04067375138401985,0.9991725087165833,0.0,1.7263547242834857e-17,0.16640204191207887,-0.006554190069437027,1.0]}},"metadata":{"importedIdentifier":"spine","importedName":"spine","isBone":true}},"children":["4C65E9F8-051A-4BF4-8088-58F7FACC8C06"]},{"@class":"BaseNode","object3D":{"@class":"BaseObject3D","id":{"uuid":"4C65E9F8-051A-4BF4-8088-58F7FACC8C06"},"name":"chest_bottom","enabled":true,"visible":true,"hitVisible":true,"transform":{"@class":"BaseComponentTransformable","localTransforms":{"values":[1.0,0.0,0.0,0.0,0.0,0.9998831748962402,-0.015285870060324669,0.0,0.0,0.015285870060324669,0.9998831748962402,0.0,-3.308722450212111e-24,0.18799731135368348,1.862645149230957e-9,1.0]}},"metadata":{"importedIdentifier":"chest_bottom","importedName":"chest_bottom","isBone":true}},"children":["7926F07B-E838-4ACC-80DC-B7216F8A068A"]},{"@class":"BaseNode","object3D":{"@class":"BaseObject3D","id":{"uuid":"7926F07B-E838-4ACC-80DC-B7216F8A068A"},"name":"chest","enabled":true,"visible":true,"hitVisible":true,"transform":{"@class":"BaseComponentTransformable","localTransforms":{"values":[1.0,0.0,0.0,0.0,0.0,0.9999967217445374,0.0025588832795619966,0.0,0.0,-0.0025588832795619966,0.9999967217445374,0.0,-1.819797347616661e-23,0.15621300041675569,-4.6566128730773929e-9,1.0]}},"metadata":{"importedIdentifier":"chest","importedName":"chest","isBone":true}},"children":["1166B3C8-249B-49EA-A69F-5027CB44618B","EB0A39D9-1473-4C7F-A182-30CE169830DD","DD6B9B85-C108-44F7-B7B9-B56D683EF7CB"]},{"@class":"BaseNode","object3D":{"@class":"BaseObject3D","id":{"uuid":"1166B3C8-249B-49EA-A69F-5027CB44618B"},"name":"neck","enabled":true,"visible":true,"hitVisible":true,"transform":{"@class":"BaseComponentTransformable","localTransforms":{"values":[1.0,0.0,0.0,0.0,0.0,0.998573899269104,0.053387194871902469,0.0,0.0,-0.053387194871902469,0.998573899269104,0.0,-3.275579908006525e-19,0.18211659789085389,-0.00010874075815081596,1.0]}},"metadata":{"importedIdentifier":"neck","importedName":"neck","isBone":true}},"children":["B0FC71DD-44BB-4166-826F-7ADD876D8273"]},{"@class":"BaseNode","object3D":{"@class":"BaseObject3D","id":{"uuid":"B0FC71DD-44BB-4166-826F-7ADD876D8273"},"name":"Head","enabled":true,"visible":true,"hitVisible":true,"transform":{"@class":"BaseComponentTransformable","localTransforms":{"values":[1.0,0.0,0.0,0.0,0.0,1.0,0.0,0.0,0.0,0.0,1.0,0.0,-6.055722293365306e-23,0.05620468035340309,0.017245694994926454,1.0]}},"metadata":{"importedIdentifier":"Head","importedName":"Head","isBone":true}}},{"@class":"BaseNode","object3D":{"@class":"BaseObject3D","id":{"uuid":"EB0A39D9-1473-4C7F-A182-30CE169830DD"},"name":"shoulder.L","enabled":true,"visible":true,"hitVisible":true,"transform":{"@class":"BaseComponentTransformable","localTransforms":{"values":[-0.03103049285709858,-0.020361345261335374,-0.9993110299110413,0.0,0.9315176606178284,-0.3630583882331848,-0.021527927368879319,0.0,-0.36236995458602908,-0.9315438866615295,0.030232835561037065,0.0,0.06019994616508484,0.15867161750793458,-0.0014990087365731598,1.0]}},"metadata":{"importedIdentifier":"shoulder.L","importedName":"shoulder.L","isBone":true}},"children":["ECF76EA4-82E2-4815-A0B1-C851026ED1B1"]},{"@class":"BaseNode","object3D":{"@class":"BaseObject3D","id":{"uuid":"ECF76EA4-82E2-4815-A0B1-C851026ED1B1"},"name":"arm.L","enabled":true,"visible":true,"hitVisible":true,"transform":{"@class":"BaseComponentTransformable","localTransforms":{"values":[0.9549835324287415,0.0036406756844371559,-0.2966364622116089,0.0,0.1467229425907135,0.8632675409317017,0.48295098543167117,0.0,0.25783491134643557,-0.5047335624694824,0.8238720893859863,0.0,-1.3154931366443634e-8,0.1292409598827362,2.827655407600105e-7,1.0]}},"metadata":{"importedIdentifier":"arm.L","importedName":"arm.L","isBone":true}},"children":["BC350E35-CFB2-48FF-8B71-EF4E0A5D8A94"]},{"@class":"BaseNode","object3D":{"@class":"BaseObject3D","id":{"uuid":"BC350E35-CFB2-48FF-8B71-EF4E0A5D8A94"},"name":"forearm.L","enabled":true,"visible":true,"hitVisible":true,"transform":{"@class":"BaseComponentTransformable","localTransforms":{"values":[0.9978021383285523,0.06626341491937638,-0.0002388505236012861,0.0,-0.06624484062194824,0.9974232316017151,-0.027541713789105417,0.0,-0.001586772734299302,0.027497002854943277,0.9996206760406494,0.0,0.0,0.2877011001110077,-1.471489667892456e-7,1.0]}},"metadata":{"importedIdentifier":"forearm.L","importedName":"forearm.L","isBone":true}},"children":["85E5547B-B3F4-47B3-B28D-5F1807704BB2"]},{"@class":"BaseNode","object3D":{"@class":"BaseObject3D","id":{"uuid":"85E5547B-B3F4-47B3-B28D-5F1807704BB2"},"name":"hand.L","enabled":true,"visible":true,"hitVisible":true,"transform":{"@class":"BaseComponentTransformable","localTransforms":{"values":[0.9561898708343506,-0.08308258652687073,0.2807101607322693,0.0,0.06378009915351868,0.9949712753295898,0.07722878456115723,0.0,-0.28571492433547976,-0.055941663682460788,0.956680417060852,0.0,-2.9802322387695315e-8,0.30983150005340578,2.514570951461792e-8,1.0]}},"metadata":{"importedIdentifier":"hand.L","importedName":"hand.L","isBone":true}},"children":["271015AD-3595-4132-9A1D-4B9611046730","DA25F8D5-47F3-4891-8227-E83BEEFD5C27","1A7FED91-833D-4811-9242-D97DFAC2DDE6","EF3FFE26-0F1A-4DD0-BFC8-A84BAE197E71","51237320-01A7-465A-B969-414A191632C8"]},{"@class":"BaseNode","object3D":{"@class":"BaseObject3D","id":{"uuid":"271015AD-3595-4132-9A1D-4B9611046730"},"name":"f_Thumb1.L","enabled":true,"visible":true,"hitVisible":true,"transform":{"@class":"BaseComponentTransformable","localTransforms":{"values":[0.7623831033706665,0.6215456128120422,0.18014712631702424,0.0,-0.6154306530952454,0.6103282570838928,0.49874284863471987,0.0,0.20004257559776307,-0.4911012053489685,0.8478221893310547,0.0,-0.033207137137651446,0.02707117795944214,0.012754978612065316,1.0]}},"metadata":{"importedIdentifier":"f_Thumb1.L","importedName":"f_Thumb1.L","isBone":true}},"children":["04CD6672-4B31-4E8A-A9B7-4CFB1184267D"]},{"@class":"BaseNode","object3D":{"@class":"BaseObject3D","id":{"uuid":"04CD6672-4B31-4E8A-A9B7-4CFB1184267D"},"name":"f_Thumb2.L","enabled":true,"visible":true,"hitVisible":true,"transform":{"@class":"BaseComponentTransformable","localTransforms":{"values":[0.976478099822998,-0.21559907495975495,-0.0027660802006721498,0.0,0.2150696963071823,0.9730067849159241,0.08368349075317383,0.0,-0.01535066869109869,-0.08230999112129212,0.9964885711669922,0.0,-0.005595860071480274,0.04139723628759384,3.5797711461782458e-8,1.0]}},"metadata":{"importedIdentifier":"f_Thumb2.L","importedName":"f_Thumb2.L","isBone":true}},"children":["814E0CB3-F806-4C0A-AEE0-AE5C2526F40C"]},{"@class":"BaseNode","object3D":{"@class":"BaseObject3D","id":{"uuid":"814E0CB3-F806-4C0A-AEE0-AE5C2526F40C"},"name":"f_Thumb3.L","enabled":true,"visible":true,"hitVisible":true,"transform":{"@class":"BaseComponentTransformable","localTransforms":{"values":[0.8551220297813416,-0.5182563662528992,-0.013289593160152436,0.0,0.5156987309455872,0.8477164506912231,0.12422389537096024,0.0,-0.053114015609025958,-0.11308001726865769,0.9921651482582092,0.0,0.0026175156235694887,0.048694826662540439,-8.870847523212433e-8,1.0]}},"metadata":{"importedIdentifier":"f_Thumb3.L","importedName":"f_Thumb3.L","isBone":true}},"children":["7367180D-0FFD-476F-BC5C-F5E2B6FD6A06"]},{"@class":"BaseNode","object3D":{"@class":"BaseObject3D","id":{"uuid":"7367180D-0FFD-476F-BC5C-F5E2B6FD6A06"},"name":"f_Thumb4.L","enabled":true,"visible":true,"hitVisible":true,"transform":{"@class":"BaseComponentTransformable","localTransforms":{"values":[1.0,0.0,0.0,0.0,0.0,1.0,0.0,0.0,0.0,0.0,1.0,0.0,0.0029782522469758989,0.04435604438185692,4.7497451305389407e-8,1.0]}},"metadata":{"importedIdentifier":"f_Thumb4.L","importedName":"f_Thumb4.L","isBone":true}}},{"@class":"BaseNode","object3D":{"@class":"BaseObject3D","id":{"uuid":"DA25F8D5-47F3-4891-8227-E83BEEFD5C27"},"name":"f_Index1.L","enabled":true,"visible":true,"hitVisible":true,"transform":{"@class":"BaseComponentTransformable","localTransforms":{"values":[0.9989414811134338,0.045944612473249438,-0.0022250371985137464,0.0,-0.03983578830957413,0.8882811665534973,0.457569420337677,0.0,0.02299930900335312,-0.45699644088745119,0.8891711235046387,0.0,-0.041353438049554828,0.1034550666809082,0.00018124538473784924,1.0]}},"metadata":{"importedIdentifier":"f_Index1.L","importedName":"f_Index1.L","isBone":true}},"children":["14CF6F20-31AB-4422-BD01-5C52EDEF03D3"]},{"@class":"BaseNode","object3D":{"@class":"BaseObject3D","id":{"uuid":"14CF6F20-31AB-4422-BD01-5C52EDEF03D3"},"name":"f_Index2.L","enabled":true,"visible":true,"hitVisible":true,"transform":{"@class":"BaseComponentTransformable","localTransforms":{"values":[0.9997166395187378,0.023800745606422426,0.0002906990412157029,0.0,-0.02202550880610943,0.9203819632530212,0.39039963483810427,0.0,0.009024248458445073,-0.39029544591903689,0.9206454157829285,0.0,0.000025457702577114106,0.055732790380716327,-1.3515818864107133e-7,1.0]}},"metadata":{"importedIdentifier":"f_Index2.L","importedName":"f_Index2.L","isBone":true}},"children":["5BF064EA-8AAF-4956-A893-60AEADE775C8"]},{"@class":"BaseNode","object3D":{"@class":"BaseObject3D","id":{"uuid":"5BF064EA-8AAF-4956-A893-60AEADE775C8"},"name":"f_Index3.L","enabled":true,"visible":true,"hitVisible":true,"transform":{"@class":"BaseComponentTransformable","localTransforms":{"values":[1.0,-1.1640580055427563e-8,-6.832965482317377e-7,0.0,2.1560211393989449e-7,0.9541662335395813,0.2992771863937378,0.0,6.484947334683966e-7,-0.2992771863937378,0.9541662335395813,0.0,0.00001517031341791153,0.039024803787469867,7.182825356721878e-8,1.0]}},"metadata":{"importedIdentifier":"f_Index3.L","importedName":"f_Index3.L","isBone":true}},"children":["A5022D82-B24F-4F60-86BE-9812FA3B1A34"]},{"@class":"BaseNode","object3D":{"@class":"BaseObject3D","id":{"uuid":"A5022D82-B24F-4F60-86BE-9812FA3B1A34"},"name":"f_Index4.L","enabled":true,"visible":true,"hitVisible":true,"transform":{"@class":"BaseComponentTransformable","localTransforms":{"values":[1.0,-6.768948956903387e-9,5.587248779193033e-7,0.0,-2.051406653436061e-7,0.9256532788276672,0.3783729076385498,0.0,-5.197467203288397e-7,-0.3783729076385498,0.9256532788276672,0.0,-0.000040611252188682559,0.03372688591480255,-1.0064104571938515e-7,1.0]}},"metadata":{"importedIdentifier":"f_Index4.L","importedName":"f_Index4.L","isBone":true}}},{"@class":"BaseNode","object3D":{"@class":"BaseObject3D","id":{"uuid":"1A7FED91-833D-4811-9242-D97DFAC2DDE6"},"name":"f_Middle1.L","enabled":true,"visible":true,"hitVisible":true,"transform":{"@class":"BaseComponentTransformable","localTransforms":{"values":[0.9994407892227173,0.03343548998236656,-0.0004071893054060638,0.0,-0.02993757277727127,0.9001738429069519,0.434500515460968,0.0,0.014894278720021248,-0.43424534797668459,0.9006714820861816,0.0,-0.016195055097341539,0.10795360803604126,-0.0035378537140786649,1.0]}},"metadata":{"importedIdentifier":"f_Middle1.L","importedName":"f_Middle1.L","isBone":true}},"children":["CE462492-A158-4E27-9488-2C794D7B0206"]},{"@class":"BaseNode","object3D":{"@class":"BaseObject3D","id":{"uuid":"CE462492-A158-4E27-9488-2C794D7B0206"},"name":"f_Middle2.L","enabled":true,"visible":true,"hitVisible":true,"transform":{"@class":"BaseComponentTransformable","localTransforms":{"values":[0.9999696016311646,0.00779617577791214,0.00003975090294261463,0.0,-0.007254644297063351,0.9286190867424011,0.370963454246521,0.0,0.00285518285818398,-0.3709524869918823,0.9286474585533142,0.0,0.0000309208407998085,0.05019683018326759,-9.499490261077881e-8,1.0]}},"metadata":{"importedIdentifier":"f_Middle2.L","importedName":"f_Middle2.L","isBone":true}},"children":["4C474DEF-E111-4D5C-B574-E16B37B5D43E"]},{"@class":"BaseNode","object3D":{"@class":"BaseObject3D","id":{"uuid":"4C474DEF-E111-4D5C-B574-E16B37B5D43E"},"name":"f_Middle3.L","enabled":true,"visible":true,"hitVisible":true,"transform":{"@class":"BaseComponentTransformable","localTransforms":{"values":[1.0,1.239603619751506e-7,-8.080293127932237e-7,0.0,1.3013038824283286e-7,0.9516944289207459,0.3070467412471771,0.0,8.070585977293376e-7,-0.3070467412471771,0.9516944289207459,0.0,0.000013368204236030579,0.041815221309661868,5.3085386753082278e-8,1.0]}},"metadata":{"importedIdentifier":"f_Middle3.L","importedName":"f_Middle3.L","isBone":true}},"children":["65AF3708-582A-41A1-B1E6-998BB26AE1B1"]},{"@class":"BaseNode","object3D":{"@class":"BaseObject3D","id":{"uuid":"65AF3708-582A-41A1-B1E6-998BB26AE1B1"},"name":"f_Middle4.L","enabled":true,"visible":true,"hitVisible":true,"transform":{"@class":"BaseComponentTransformable","localTransforms":{"values":[1.0,-1.1299576385681576e-7,0.0000011183411743331818,0.0,-3.1855614679443536e-7,0.9256528615951538,0.37837380170822146,0.0,-0.0000010779504009406083,-0.37837380170822146,0.9256528615951538,0.0,-0.000044293818064033988,0.036707259714603427,-2.2817403078079225e-8,1.0]}},"metadata":{"importedIdentifier":"f_Middle4.L","importedName":"f_Middle4.L","isBone":true}}},{"@class":"BaseNode","object3D":{"@class":"BaseObject3D","id":{"uuid":"EF3FFE26-0F1A-4DD0-BFC8-A84BAE197E71"},"name":"f_Ring1.L","enabled":true,"visible":true,"hitVisible":true,"transform":{"@class":"BaseComponentTransformable","localTransforms":{"values":[0.9996649622917175,0.025882678106427194,0.00009714359475765377,0.0,-0.022848470136523248,0.8806992173194885,0.47312453389167788,0.0,0.01216017547994852,-0.4729682207107544,0.8809955716133118,0.0,0.014740650542080403,0.1055852398276329,-0.005821872502565384,1.0]}},"metadata":{"importedIdentifier":"f_Ring1.L","importedName":"f_Ring1.L","isBone":true}},"children":["0FA8CEAA-7487-41C5-817A-090517DCF0F1"]},{"@class":"BaseNode","object3D":{"@class":"BaseObject3D","id":{"uuid":"0FA8CEAA-7487-41C5-817A-090517DCF0F1"},"name":"f_Ring2.L","enabled":true,"visible":true,"hitVisible":true,"transform":{"@class":"BaseComponentTransformable","localTransforms":{"values":[1.0,1.6219998144606508e-7,-9.768313020686037e-7,0.0,1.8920835032076867e-7,0.9370165467262268,0.3492848873138428,0.0,9.719610716274474e-7,-0.3492848873138428,0.9370165467262268,0.0,0.0000527786323800683,0.04401015862822533,-1.4156103134155274e-7,1.0]}},"metadata":{"importedIdentifier":"f_Ring2.L","importedName":"f_Ring2.L","isBone":true}},"children":["A99DEDF9-000A-4874-AA3C-E650BCC3CA67"]},{"@class":"BaseNode","object3D":{"@class":"BaseObject3D","id":{"uuid":"A99DEDF9-000A-4874-AA3C-E650BCC3CA67"},"name":"f_Ring3.L","enabled":true,"visible":true,"hitVisible":true,"transform":{"@class":"BaseComponentTransformable","localTransforms":{"values":[1.0,5.505703892794145e-9,5.473899022945261e-7,0.0,-1.5095645267138026e-7,0.9639511108398438,0.26607948541641238,0.0,-5.261921387500479e-7,-0.26607948541641238,0.9639511108398438,0.0,0.000025247689336538316,0.042351797223091128,-7.264316082000733e-8,1.0]}},"metadata":{"importedIdentifier":"f_Ring3.L","importedName":"f_Ring3.L","isBone":true}},"children":["0A84658B-01DC-4E9B-8807-F5F59E00BF52"]},{"@class":"BaseNode","object3D":{"@class":"BaseObject3D","id":{"uuid":"0A84658B-01DC-4E9B-8807-F5F59E00BF52"},"name":"f_Ring4.L","enabled":true,"visible":true,"hitVisible":true,"transform":{"@class":"BaseComponentTransformable","localTransforms":{"values":[1.0,-1.8338228358061316e-7,1.7651128558782149e-8,0.0,1.6306971417634487e-7,0.925653338432312,0.3783727288246155,0.0,-8.572568077624965e-8,-0.3783727288246155,0.925653338432312,0.0,-0.00007804040797054768,0.03784975782036781,-2.1420419216156007e-8,1.0]}},"metadata":{"importedIdentifier":"f_Ring4.L","importedName":"f_Ring4.L","isBone":true}}},{"@class":"BaseNode","object3D":{"@class":"BaseObject3D","id":{"uuid":"51237320-01A7-465A-B969-414A191632C8"},"name":"f_Pinky1.L","enabled":true,"visible":true,"hitVisible":true,"transform":{"@class":"BaseComponentTransformable","localTransforms":{"values":[0.999797523021698,0.020104382187128068,-0.0008153424714691937,0.0,-0.018055057153105737,0.9142945408821106,0.4046473205089569,0.0,0.008880647830665112,-0.404550701379776,0.9144724607467651,0.0,0.04136395454406738,0.10404146462678909,0.002255639061331749,1.0]}},"metadata":{"importedIdentifier":"f_Pinky1.L","importedName":"f_Pinky1.L","isBone":true}},"children":["8E4DF725-2CAF-4652-BD2B-81E86DE0BBD0"]},{"@class":"BaseNode","object3D":{"@class":"BaseObject3D","id":{"uuid":"8E4DF725-2CAF-4652-BD2B-81E86DE0BBD0"},"name":"f_Pinky2.L","enabled":true,"visible":true,"hitVisible":true,"transform":{"@class":"BaseComponentTransformable","localTransforms":{"values":[0.9997298121452332,0.023241546005010606,0.0002649616217240691,0.0,-0.020913561806082727,0.8945010304450989,0.44657644629478457,0.0,0.01014211867004633,-0.44646134972572329,0.894745409488678,0.0,0.000002304092049598694,0.04885544627904892,-6.798654794692993e-8,1.0]}},"metadata":{"importedIdentifier":"f_Pinky2.L","importedName":"f_Pinky2.L","isBone":true}},"children":["9F89B8A4-D2FC-4626-A128-397031D1EB79"]},{"@class":"BaseNode","object3D":{"@class":"BaseObject3D","id":{"uuid":"9F89B8A4-D2FC-4626-A128-397031D1EB79"},"name":"f_Pinky3.L","enabled":true,"visible":true,"hitVisible":true,"transform":{"@class":"BaseComponentTransformable","localTransforms":{"values":[1.0,-3.970880300130375e-7,3.1008357836981306e-7,0.0,3.0256813943196905e-7,0.9654523730278015,0.26057958602905276,0.0,-4.028439661851735e-7,-0.26057958602905276,0.9654523730278015,0.0,0.00003281235694885254,0.028314607217907907,-1.862645149230957e-9,1.0]}},"metadata":{"importedIdentifier":"f_Pinky3.L","importedName":"f_Pinky3.L","isBone":true}},"children":["74FDA33E-2353-4679-B455-0477D9863110"]},{"@class":"BaseNode","object3D":{"@class":"BaseObject3D","id":{"uuid":"74FDA33E-2353-4679-B455-0477D9863110"},"name":"f_Pinky4.L","enabled":true,"visible":true,"hitVisible":true,"transform":{"@class":"BaseComponentTransformable","localTransforms":{"values":[1.0,2.867328703359817e-7,-1.3258146225325619e-7,0.0,-2.1524995474919707e-7,0.9256532192230225,0.3783729672431946,0.0,2.3121643266676984e-7,-0.3783729672431946,0.9256532192230225,0.0,-0.0000351504422724247,0.024687353521585466,8.288770914077759e-8,1.0]}},"metadata":{"importedIdentifier":"f_Pinky4.L","importedName":"f_Pinky4.L","isBone":true}}},{"@class":"BaseNode","object3D":{"@class":"BaseObject3D","id":{"uuid":"DD6B9B85-C108-44F7-B7B9-B56D683EF7CB"},"name":"shoulder.R","enabled":true,"visible":true,"hitVisible":true,"transform":{"@class":"BaseComponentTransformable","localTransforms":{"values":[-0.03103049285709858,0.020361345261335374,0.9993110299110413,0.0,-0.9315176606178284,-0.3630583882331848,-0.021527927368879319,0.0,0.36236995458602908,-0.9315438866615295,0.030232835561037065,0.0,-0.06019994616508484,0.15867161750793458,-0.0014990087365731598,1.0]}},"metadata":{"importedIdentifier":"shoulder.R","importedName":"shoulder.R","isBone":true}},"children":["8259D25E-4592-4631-81C1-65E00BF111AE"]},{"@class":"BaseNode","object3D":{"@class":"BaseObject3D","id":{"uuid":"8259D25E-4592-4631-81C1-65E00BF111AE"},"name":"arm.R","enabled":true,"visible":true,"hitVisible":true,"transform":{"@class":"BaseComponentTransformable","localTransforms":{"values":[0.9554356932640076,-0.0027812900952994825,0.2951861619949341,0.0,-0.14671450853347779,0.8632371425628662,0.4830077290534973,0.0,-0.2561590373516083,-0.5047909021377564,0.8243595361709595,0.0,1.3154931366443634e-8,0.1292409598827362,2.827655407600105e-7,1.0]}},"metadata":{"importedIdentifier":"arm.R","importedName":"arm.R","isBone":true}},"children":["D4ED977C-C22F-4297-BD97-1F3C30EB91E5"]},{"@class":"BaseNode","object3D":{"@class":"BaseObject3D","id":{"uuid":"D4ED977C-C22F-4297-BD97-1F3C30EB91E5"},"name":"forearm.R","enabled":true,"visible":true,"hitVisible":true,"transform":{"@class":"BaseComponentTransformable","localTransforms":{"values":[0.9978021383285523,-0.06626341491937638,0.00023883413814473897,0.0,0.06624484062194824,0.9974232316017151,-0.027541669085621835,0.0,0.001586786238476634,0.027496956288814546,0.9996206760406494,0.0,-1.1175870895385743e-8,0.2877013683319092,-5.4016709327697757e-8,1.0]}},"metadata":{"importedIdentifier":"forearm.R","importedName":"forearm.R","isBone":true}},"children":["51403CD6-AA70-45E2-9059-135C67A6A23A"]},{"@class":"BaseNode","object3D":{"@class":"BaseObject3D","id":{"uuid":"51403CD6-AA70-45E2-9059-135C67A6A23A"},"name":"hand.R","enabled":true,"visible":true,"hitVisible":true,"transform":{"@class":"BaseComponentTransformable","localTransforms":{"values":[0.9561898708343506,0.08308259397745133,-0.2807101607322693,0.0,-0.06378009915351868,0.9949712753295898,0.07722880691289902,0.0,0.28571492433547976,-0.05594168230891228,0.956680417060852,0.0,-2.9802322387695315e-8,0.30983155965805056,4.6566128730773929e-9,1.0]}},"metadata":{"importedIdentifier":"hand.R","importedName":"hand.R","isBone":true}},"children":["B7F4338A-875C-4190-82A5-C235B8A9857A","2D66BA3B-A4B4-4C05-A4FB-8E7C90C8731C","0CD8DD1D-3F06-4C36-AB1F-A411E0F94263","D6B50C13-2880-4B7F-8B7F-079B7806A4FD","FFF58E5E-0EF4-44DE-BCAF-4A9D2DC6F961"]},{"@class":"BaseNode","object3D":{"@class":"BaseObject3D","id":{"uuid":"B7F4338A-875C-4190-82A5-C235B8A9857A"},"name":"f_Thumb1.R","enabled":true,"visible":true,"hitVisible":true,"transform":{"@class":"BaseComponentTransformable","localTransforms":{"values":[0.7623831033706665,-0.6215456128120422,-0.1801471710205078,0.0,0.6154307126998901,0.610328197479248,0.49874284863471987,0.0,-0.20004254579544068,-0.4911012351512909,0.8478221893310547,0.0,0.03320711851119995,0.02707098424434662,0.012754939496517182,1.0]}},"metadata":{"importedIdentifier":"f_Thumb1.R","importedName":"f_Thumb1.R","isBone":true}},"children":["4895536E-A26F-45EB-8400-E669C7F08110"]},{"@class":"BaseNode","object3D":{"@class":"BaseObject3D","id":{"uuid":"4895536E-A26F-45EB-8400-E669C7F08110"},"name":"f_Thumb2.R","enabled":true,"visible":true,"hitVisible":true,"transform":{"@class":"BaseComponentTransformable","localTransforms":{"values":[0.976478099822998,0.21559904515743257,0.0027660790365189316,0.0,-0.21506966650485993,0.9730067849159241,0.08368349075317383,0.0,0.015350665897130967,-0.08230999112129212,0.9964885711669922,0.0,0.00559589546173811,0.0413970947265625,4.720641300082207e-8,1.0]}},"metadata":{"importedIdentifier":"f_Thumb2.R","importedName":"f_Thumb2.R","isBone":true}},"children":["22D4EB2C-7274-4972-AEC1-6D36F9D31BD8"]},{"@class":"BaseNode","object3D":{"@class":"BaseObject3D","id":{"uuid":"22D4EB2C-7274-4972-AEC1-6D36F9D31BD8"},"name":"f_Thumb3.R","enabled":true,"visible":true,"hitVisible":true,"transform":{"@class":"BaseComponentTransformable","localTransforms":{"values":[0.8551221489906311,0.5182561874389648,0.013289589434862137,0.0,-0.5156985521316528,0.8477165699005127,0.12422389537096024,0.0,0.05311399698257446,-0.11308002471923828,0.9921651482582092,0.0,-0.00261758454144001,0.04869469255208969,-9.220093488693237e-8,1.0]}},"metadata":{"importedIdentifier":"f_Thumb3.R","importedName":"f_Thumb3.R","isBone":true}},"children":["63D06AD5-5387-46EE-BE99-AC35104E4671"]},{"@class":"BaseNode","object3D":{"@class":"BaseObject3D","id":{"uuid":"63D06AD5-5387-46EE-BE99-AC35104E4671"},"name":"f_Thumb4.R","enabled":true,"visible":true,"hitVisible":true,"transform":{"@class":"BaseComponentTransformable","localTransforms":{"values":[1.0,0.0,0.0,0.0,0.0,1.0,0.0,0.0,0.0,0.0,1.0,0.0,-0.0029782522469758989,0.04435613378882408,3.236345946788788e-8,1.0]}},"metadata":{"importedIdentifier":"f_Thumb4.R","importedName":"f_Thumb4.R","isBone":true}}},{"@class":"BaseNode","object3D":{"@class":"BaseObject3D","id":{"uuid":"2D66BA3B-A4B4-4C05-A4FB-8E7C90C8731C"},"name":"f_Index1.R","enabled":true,"visible":true,"hitVisible":true,"transform":{"@class":"BaseComponentTransformable","localTransforms":{"values":[0.9989414811134338,-0.04594462737441063,0.0022250411566346885,0.0,0.03983580321073532,0.8882811665534973,0.457569420337677,0.0,-0.022999318316578866,-0.45699644088745119,0.8891711235046387,0.0,0.04135343059897423,0.10345492511987686,0.00018119846936315298,1.0]}},"metadata":{"importedIdentifier":"f_Index1.R","importedName":"f_Index1.R","isBone":true}},"children":["568D54AD-6148-44BF-8C11-9779B671898D"]},{"@class":"BaseNode","object3D":{"@class":"BaseObject3D","id":{"uuid":"568D54AD-6148-44BF-8C11-9779B671898D"},"name":"f_Index2.R","enabled":true,"visible":true,"hitVisible":true,"transform":{"@class":"BaseComponentTransformable","localTransforms":{"values":[0.9997166395187378,-0.023800745606422426,-0.00029069287120364606,0.0,0.02202550508081913,0.920382022857666,0.3903995752334595,0.0,-0.009024253115057946,-0.3902953863143921,0.9206454753875732,0.0,-0.000025447923690080644,0.05573293939232826,-2.0209699869155885e-7,1.0]}},"metadata":{"importedIdentifier":"f_Index2.R","importedName":"f_Index2.R","isBone":true}},"children":["5DD13AAA-AB7F-4B33-9289-ADC00B0652FA"]},{"@class":"BaseNode","object3D":{"@class":"BaseObject3D","id":{"uuid":"5DD13AAA-AB7F-4B33-9289-ADC00B0652FA"},"name":"f_Index3.R","enabled":true,"visible":true,"hitVisible":true,"transform":{"@class":"BaseComponentTransformable","localTransforms":{"values":[1.0,1.0245717163570589e-8,6.861806127744785e-7,0.0,-2.1513432102437947e-7,0.9541662335395813,0.2992771863937378,0.0,-6.516640382869809e-7,-0.2992771863937378,0.9541662335395813,0.0,-0.00001517031341791153,0.039024751633405688,5.168840289115906e-8,1.0]}},"metadata":{"importedIdentifier":"f_Index3.R","importedName":"f_Index3.R","isBone":true}},"children":["4D1CF7E3-BA87-4AB0-ADFA-F7F9FA07DEFC"]},{"@class":"BaseNode","object3D":{"@class":"BaseObject3D","id":{"uuid":"4D1CF7E3-BA87-4AB0-ADFA-F7F9FA07DEFC"},"name":"f_Index4.R","enabled":true,"visible":true,"hitVisible":true,"transform":{"@class":"BaseComponentTransformable","localTransforms":{"values":[1.0,3.791958747001445e-9,-5.583424922406266e-7,0.0,2.07751583047866e-7,0.9256532788276672,0.37837281823158266,0.0,5.182663471714477e-7,-0.37837281823158266,0.9256532788276672,0.0,0.000040626153349876407,0.03372671455144882,-1.7799902707338334e-7,1.0]}},"metadata":{"importedIdentifier":"f_Index4.R","importedName":"f_Index4.R","isBone":true}}},{"@class":"BaseNode","object3D":{"@class":"BaseObject3D","id":{"uuid":"0CD8DD1D-3F06-4C36-AB1F-A411E0F94263"},"name":"f_Middle1.R","enabled":true,"visible":true,"hitVisible":true,"transform":{"@class":"BaseComponentTransformable","localTransforms":{"values":[0.9994407892227173,-0.03343550115823746,0.00040719989920035005,0.0,0.02993757836520672,0.9001738429069519,0.4345005750656128,0.0,-0.014894295483827591,-0.43424540758132937,0.9006714820861816,0.0,0.016195042058825494,0.10795337706804276,-0.0035380064509809019,1.0]}},"metadata":{"importedIdentifier":"f_Middle1.R","importedName":"f_Middle1.R","isBone":true}},"children":["33FF47B3-0F16-4063-9F8E-DDCF079B0273"]},{"@class":"BaseNode","object3D":{"@class":"BaseObject3D","id":{"uuid":"33FF47B3-0F16-4063-9F8E-DDCF079B0273"},"name":"f_Middle2.R","enabled":true,"visible":true,"hitVisible":true,"transform":{"@class":"BaseComponentTransformable","localTransforms":{"values":[0.9999696016311646,-0.007796178106218576,-0.00003974296123487875,0.0,0.007254643831402063,0.9286190867424011,0.370963454246521,0.0,-0.0028551912400871517,-0.3709524869918823,0.9286474585533142,0.0,-0.000030922237783670428,0.050196729600429538,-2.3283064365386964e-7,1.0]}},"metadata":{"importedIdentifier":"f_Middle2.R","importedName":"f_Middle2.R","isBone":true}},"children":["BC88D03A-89BF-4E7B-BD07-15E0F1BD99DC"]},{"@class":"BaseNode","object3D":{"@class":"BaseObject3D","id":{"uuid":"BC88D03A-89BF-4E7B-BD07-15E0F1BD99DC"},"name":"f_Middle3.R","enabled":true,"visible":true,"hitVisible":true,"transform":{"@class":"BaseComponentTransformable","localTransforms":{"values":[1.0,-1.296380816029341e-7,8.215598086280806e-7,0.0,-1.2888141043276847e-7,0.9516944289207459,0.30704671144485476,0.0,-8.216788387471752e-7,-0.30704671144485476,0.9516944289207459,0.0,-0.000013357086572796107,0.041815001517534259,8.847564458847046e-9,1.0]}},"metadata":{"importedIdentifier":"f_Middle3.R","importedName":"f_Middle3.R","isBone":true}},"children":["F520820F-0E20-45E1-94AB-4F11C7E76B95"]},{"@class":"BaseNode","object3D":{"@class":"BaseObject3D","id":{"uuid":"F520820F-0E20-45E1-94AB-4F11C7E76B95"},"name":"f_Middle4.R","enabled":true,"visible":true,"hitVisible":true,"transform":{"@class":"BaseComponentTransformable","localTransforms":{"values":[1.0,1.1524281262609293e-7,-0.0000011195469369340572,0.0,3.169323861129669e-7,0.9256528615951538,0.37837380170822146,0.0,0.0000010799166147990036,-0.37837380170822146,0.9256528615951538,0.0,0.000044291955418884757,0.03670722246170044,-9.313225746154786e-10,1.0]}},"metadata":{"importedIdentifier":"f_Middle4.R","importedName":"f_Middle4.R","isBone":true}}},{"@class":"BaseNode","object3D":{"@class":"BaseObject3D","id":{"uuid":"D6B50C13-2880-4B7F-8B7F-079B7806A4FD"},"name":"f_Ring1.R","enabled":true,"visible":true,"hitVisible":true,"transform":{"@class":"BaseComponentTransformable","localTransforms":{"values":[0.9996649622917175,-0.0258826594799757,-0.0000971556146396324,0.0,0.0228484608232975,0.8806992769241333,0.4731243848800659,0.0,-0.012160152196884156,-0.47296807169914248,0.8809956312179565,0.0,-0.014740651473402977,0.105585016310215,-0.005822058767080307,1.0]}},"metadata":{"importedIdentifier":"f_Ring1.R","importedName":"f_Ring1.R","isBone":true}},"children":["8E01F151-FDE5-41CB-87FF-A86A511732E5"]},{"@class":"BaseNode","object3D":{"@class":"BaseObject3D","id":{"uuid":"8E01F151-FDE5-41CB-87FF-A86A511732E5"},"name":"f_Ring2.R","enabled":true,"visible":true,"hitVisible":true,"transform":{"@class":"BaseComponentTransformable","localTransforms":{"values":[1.0,-1.6014459447433183e-7,9.787645467440598e-7,0.0,-1.9180951937869396e-7,0.9370165467262268,0.3492848873138428,0.0,-9.730547390063294e-7,-0.3492848873138428,0.9370165467262268,0.0,-0.00005275814328342676,0.044010013341903689,-6.51925802230835e-9,1.0]}},"metadata":{"importedIdentifier":"f_Ring2.R","importedName":"f_Ring2.R","isBone":true}},"children":["CE9D76B1-B298-4A49-8FCE-528CF80E9EEF"]},{"@class":"BaseNode","object3D":{"@class":"BaseObject3D","id":{"uuid":"CE9D76B1-B298-4A49-8FCE-528CF80E9EEF"},"name":"f_Ring3.R","enabled":true,"visible":true,"hitVisible":true,"transform":{"@class":"BaseComponentTransformable","localTransforms":{"values":[1.0,-6.1771787684961058e-9,-5.529342388399527e-7,0.0,1.530789575099334e-7,0.9639511108398438,0.26607948541641238,0.0,5.313579549692804e-7,-0.26607948541641238,0.9639511108398438,0.0,-0.00002525246236473322,0.04235159978270531,-7.543712854385376e-8,1.0]}},"metadata":{"importedIdentifier":"f_Ring3.R","importedName":"f_Ring3.R","isBone":true}},"children":["F2127466-50F9-456F-876E-66325F5882C9"]},{"@class":"BaseNode","object3D":{"@class":"BaseObject3D","id":{"uuid":"F2127466-50F9-456F-876E-66325F5882C9"},"name":"f_Ring4.R","enabled":true,"visible":true,"hitVisible":true,"transform":{"@class":"BaseComponentTransformable","localTransforms":{"values":[1.0,1.8723665107245325e-7,-2.00374437042683e-8,0.0,-1.6573461891766784e-7,0.925653338432312,0.3783726692199707,0.0,8.939295526033675e-8,-0.3783726692199707,0.925653338432312,0.0,0.00007803027983754873,0.03784968703985214,1.2759119272232056e-7,1.0]}},"metadata":{"importedIdentifier":"f_Ring4.R","importedName":"f_Ring4.R","isBone":true}}},{"@class":"BaseNode","object3D":{"@class":"BaseObject3D","id":{"uuid":"FFF58E5E-0EF4-44DE-BCAF-4A9D2DC6F961"},"name":"f_Pinky1.R","enabled":true,"visible":true,"hitVisible":true,"transform":{"@class":"BaseComponentTransformable","localTransforms":{"values":[0.999797523021698,-0.020104382187128068,0.0008153434609994292,0.0,0.018055057153105737,0.9142945408821106,0.4046473205089569,0.0,-0.008880648761987687,-0.404550701379776,0.9144724607467651,0.0,-0.04136399179697037,0.10404118150472641,0.002255607396364212,1.0]}},"metadata":{"importedIdentifier":"f_Pinky1.R","importedName":"f_Pinky1.R","isBone":true}},"children":["20D34E54-13C1-4FC7-9B9E-9F30A230C37F"]},{"@class":"BaseNode","object3D":{"@class":"BaseObject3D","id":{"uuid":"20D34E54-13C1-4FC7-9B9E-9F30A230C37F"},"name":"f_Pinky2.R","enabled":true,"visible":true,"hitVisible":true,"transform":{"@class":"BaseComponentTransformable","localTransforms":{"values":[0.9997298121452332,-0.023241549730300905,-0.0002649659290909767,0.0,0.020913567394018174,0.8945010304450989,0.44657641649246218,0.0,-0.010142115876078606,-0.4464613199234009,0.894745409488678,0.0,-0.000002305954694747925,0.04885558784008026,-1.695007085800171e-7,1.0]}},"metadata":{"importedIdentifier":"f_Pinky2.R","importedName":"f_Pinky2.R","isBone":true}},"children":["22D7B4C9-3126-4769-A9BC-CE372D74F009"]},{"@class":"BaseNode","object3D":{"@class":"BaseObject3D","id":{"uuid":"22D7B4C9-3126-4769-A9BC-CE372D74F009"},"name":"f_Pinky3.R","enabled":true,"visible":true,"hitVisible":true,"transform":{"@class":"BaseComponentTransformable","localTransforms":{"values":[1.0,3.9589087919011947e-7,-3.233915606415394e-7,0.0,-2.9794455258524979e-7,0.9654523730278015,0.2605796158313751,0.0,4.153802422024455e-7,-0.2605796158313751,0.9654523730278015,0.0,-0.00003281235694885254,0.02831466868519783,5.587935447692871e-9,1.0]}},"metadata":{"importedIdentifier":"f_Pinky3.R","importedName":"f_Pinky3.R","isBone":true}},"children":["48A1C1AC-B5F3-4E0C-8D4E-0288EBD7B776"]},{"@class":"BaseNode","object3D":{"@class":"BaseObject3D","id":{"uuid":"48A1C1AC-B5F3-4E0C-8D4E-0288EBD7B776"},"name":"f_Pinky4.R","enabled":true,"visible":true,"hitVisible":true,"transform":{"@class":"BaseComponentTransformable","localTransforms":{"values":[1.0,-2.835965915437555e-7,1.276962962037942e-7,0.0,2.141952677447989e-7,0.9256532192230225,0.3783729672431946,0.0,-2.255077617974166e-7,-0.3783729672431946,0.9256532192230225,0.0,0.00003512576222419739,0.0246872715651989,2.0954757928848267e-7,1.0]}},"metadata":{"importedIdentifier":"f_Pinky4.R","importedName":"f_Pinky4.R","isBone":true}}},{"@class":"BaseNode","object3D":{"@class":"BaseObject3D","id":{"uuid":"72F79F71-15C6-4B7F-B86D-408756D530FA"},"name":"leg_up.L","enabled":true,"visible":true,"hitVisible":true,"transform":{"@class":"BaseComponentTransformable","localTransforms":{"values":[-0.9999969601631165,0.002255826024338603,-0.0009750716271810234,0.0,-0.0022887391969561579,-0.9993781447410584,0.03518618270754814,0.0,-0.0008950913324952126,0.03518830984830856,0.9993802905082703,0.0,0.11267033219337464,0.05529278889298439,-0.009225222282111645,1.0]}},"metadata":{"importedIdentifier":"leg_up.L","importedName":"leg_up.L","isBone":true}},"children":["8D3E74EB-2320-4AF9-BB5F-3A8C303F605A"]},{"@class":"BaseNode","object3D":{"@class":"BaseObject3D","id":{"uuid":"8D3E74EB-2320-4AF9-BB5F-3A8C303F605A"},"name":"leg.L","enabled":true,"visible":true,"hitVisible":true,"transform":{"@class":"BaseComponentTransformable","localTransforms":{"values":[0.9997177720069885,-0.023730650544166566,0.0010776688577607275,0.0,0.02360987290740013,0.9875738024711609,-0.155371755361557,0.0,0.0026227952912449838,0.1553533375263214,0.9878554344177246,0.0,-2.002707333303988e-8,0.4781431257724762,2.1318555809557439e-9,1.0]}},"metadata":{"importedIdentifier":"leg.L","importedName":"leg.L","isBone":true}},"children":["488D5E4C-87F5-46BC-BC65-216EC659887B"]},{"@class":"BaseNode","object3D":{"@class":"BaseObject3D","id":{"uuid":"488D5E4C-87F5-46BC-BC65-216EC659887B"},"name":"foot.L","enabled":true,"visible":true,"hitVisible":true,"transform":{"@class":"BaseComponentTransformable","localTransforms":{"va