[
    {
        "@class": "BaseNode",
        "object3D": {
            "@class": "BaseObject3D",
            "id": {
                "uuid": "70C1E63C-CF27-49A5-BC94-4DC7FBB866A8"
            },
            "name": "maincharacter",
            "enabled": true,
            "visible": true,
            "hitVisible": true,
            "transform": {
                "@class": "BaseComponentTransformable",
                "localTransforms": {
                    "values": [
                        1.0,
                        0.0,
                        0.0,
                        0.0,
                        0.0,
                        1.0,
                        0.0,
                        0.0,
                        0.0,
                        0.0,
                        1.0,
                        0.0,
                        0.0,
                        0.0,
                        0.0,
                        1.0
                    ]
                },
                "globalTransforms": {
                    "values": [
                        -1.192093321833454e-7,
                        0.0,
                        -1.0000001192092896,
                        0.0,
                        0.0,
                        1.0,
                        0.0,
                        0.0,
                        1.0,
                        0.0,
                        -1.1920930376163597e-7,
                        0.0,
                        -0.10000000149011612,
                        2.0,
                        0.0,
                        1.0
                    ]
                }
            },
            "metadata": {
                "importedIdentifier": "RootNode",
                "importedName": "RootNode",
                "isBone": false
            }
        },
        "children": [
            "75E3D163-C830-4AB9-B499-56FA371AC254",
            "35724ECC-A36E-4917-B56C-5F45AB16446C",
            "216241CB-F034-426D-8236-8172E9FDEDF8"
        ]
    },
    {
        "@class": "BaseNode",
        "object3D": {
            "@class": "BaseObject3D",
            "id": {
                "uuid": "75E3D163-C830-4AB9-B499-56FA371AC254"
            },
            "name": "G_male_base_armature",
            "enabled": true,
            "visible": true,
            "hitVisible": true,
            "transform": {
                "@class": "BaseComponentTransformable",
                "localTransforms": {
                    "values": [
                        1.0,
                        0.000024000000848900528,
                        9.999999974752428e-7,
                        0.0,
                        -0.000024000000848900528,
                        1.0,
                        0.0,
                        0.0,
                        -9.999999974752428e-7,
                        0.0,
                        1.0,
                        0.0,
                        0.00002499999936844688,
                        0.00037900000461377203,
                        -0.025949999690055848,
                        1.0
                    ]
                },
                "globalTransforms": {
                    "values": [
                        8.807906510810426e-7,
                        0.000024000000848900528,
                        -1.0000001192092896,
                        0.0,
                        2.861024134617751e-12,
                        1.0,
                        0.000024000004486879335,
                        0.0,
                        1.0,
                        0.0,
                        8.807908216112992e-7,
                        0.0,
                        -0.12595000863075257,
                        2.0003790855407717,
                        -0.000024996908905450256,
                        1.0
                    ]
                }
            },
            "metadata": {
                "importedIdentifier": "G_male_base_armature",
                "importedName": "G_male_base_armature",
                "isBone": false
            }
        },
        "children": [
            "6329A4BC-68B2-46CE-ABF2-909ED5D30020"
        ]
    },
    {
        "@class": "BaseNode",
        "object3D": {
            "@class": "BaseObject3D",
            "id": {
                "uuid": "6329A4BC-68B2-46CE-ABF2-909ED5D30020"
            },
            "name": "root_bone",
            "enabled": true,
            "visible": true,
            "hitVisible": true,
            "transform": {
                "@class": "BaseComponentTransformable",
                "localTransforms": {
                    "values": [
                        1.0,
                        0.0,
                        0.0,
                        0.0,
                        0.0,
                        1.0,
                        0.0,
                        0.0,
                        0.0,
                        0.0,
                        1.0,
                        0.0,
                        0.0,
                        0.0,
                        0.0,
                        1.0
                    ]
                },
                "globalTransforms": {
                    "values": [
                        8.807906510810426e-7,
                        0.000024000000848900528,
                        -1.0000001192092896,
                        0.0,
                        2.861024134617751e-12,
                        1.0,
                        0.000024000004486879335,
                        0.0,
                        1.0,
                        0.0,
                        8.807908216112992e-7,
                        0.0,
                        -0.12595000863075257,
                        2.0003790855407717,
                        -0.000024996908905450256,
                        1.0
                    ]
                }
            },
            "metadata": {
                "importedIdentifier": "root_bone",
                "importedName": "root_bone",
                "isBone": false
            }
        },
        "children": [
            "3A5E1643-562C-4CE1-B1F2-D0519B189CFB",
            "0E0E50DB-4A9D-44AD-9939-D03F6C7CD798",
            "F7C1F58C-FF50-42B2-A070-C13F3A4547DE",
            "C145D68B-6803-41E0-B211-6E1BBCE76C35",
            "2A34C48D-C2AB-4FFC-84D0-A21FD132E9CC",
            "4A4511FA-2C50-4118-B6A1-40AD3FDEE542",
            "57616EE8-9975-4AF6-B32C-1EC0AA401B2B",
            "8ABF8607-5EF7-4AD4-8F51-0E2C52D26372",
            "799943C6-EA3E-4149-A2A1-1A530F58F5A2"
        ]
    },
    {
        "@class": "BaseNode",
        "object3D": {
            "@class": "BaseObject3D",
            "id": {
                "uuid": "3A5E1643-562C-4CE1-B1F2-D0519B189CFB"
            },
            "name": "Hips",
            "enabled": true,
            "visible": true,
            "hitVisible": true,
            "transform": {
                "@class": "BaseComponentTransformable",
                "localTransforms": {
                    "values": [
                        1.0,
                        0.0,
                        0.0,
                        0.0,
                        0.0,
                        1.0,
                        0.0,
                        0.0,
                        0.0,
                        0.0,
                        1.0,
                        0.0,
                        0.0,
                        0.9985679984092712,
                        0.03414899855852127,
                        1.0
                    ]
                },
                "globalTransforms": {
                    "values": [
                        8.807906510810426e-7,
                        0.000024000000848900528,
                        -1.0000001192092896,
                        0.0,
                        2.861024134617751e-12,
                        1.0,
                        0.000024000004486879335,
                        0.0,
                        1.0,
                        0.0,
                        8.807908216112992e-7,
                        0.0,
                        -0.09180101007223129,
                        2.9989471435546877,
                        -0.000001001193595584482,
                        1.0
                    ]
                }
            },
            "metadata": {
                "importedIdentifier": "Hips",
                "importedName": "Hips",
                "isBone": false
            }
        },
        "children": [
            "624867BE-392D-4719-A6E6-CE494376CC4E",
            "52CE7257-80F3-4DEB-A646-0F1BEBA56B34",
            "0E2F0A34-5AA8-41FE-ABED-F16E9C484046"
        ]
    },
    {
        "@class": "BaseNode",
        "object3D": {
            "@class": "BaseObject3D",
            "id": {
                "uuid": "624867BE-392D-4719-A6E6-CE494376CC4E"
            },
            "name": "spine",
            "enabled": true,
            "visible": true,
            "hitVisible": true,
            "transform": {
                "@class": "BaseComponentTransformable",
                "localTransforms": {
                    "values": [
                        1.0,
                        -0.000024000000848900528,
                        -9.999999974752428e-7,
                        0.0,
                        0.000024000000848900528,
                        0.9991719722747803,
                        -0.04067400097846985,
                        0.0,
                        0.0000019999999949504856,
                        0.04067400097846985,
                        0.9991719722747803,
                        0.0,
                        0.0,
                        0.16640199720859528,
                        -0.006554000079631805,
                        1.0
                    ]
                },
                "globalTransforms": {
                    "values": [
                        -1.192093463942001e-7,
                        0.0,
                        -1.0000001192092896,
                        0.0,
                        -0.04067400097846985,
                        0.9991719722747803,
                        -5.569774685909579e-8,
                        0.0,
                        0.9991719722747803,
                        0.04067400097846985,
                        -1.437624632671941e-7,
                        0.0,
                        -0.0983550101518631,
                        3.165349245071411,
                        0.000002986682375194505,
                        1.0
                    ]
                }
            },
            "metadata": {
                "importedIdentifier": "spine",
                "importedName": "spine",
                "isBone": false
            }
        },
        "children": [
            "FDCD3CEF-339E-46B6-84B9-5A17E73D209F"
        ]
    },
    {
        "@class": "BaseNode",
        "object3D": {
            "@class": "BaseObject3D",
            "id": {
                "uuid": "FDCD3CEF-339E-46B6-84B9-5A17E73D209F"
            },
            "name": "chest_bottom",
            "enabled": true,
            "visible": true,
            "hitVisible": true,
            "transform": {
                "@class": "BaseComponentTransformable",
                "localTransforms": {
                    "values": [
                        1.0,
                        0.0,
                        0.0,
                        0.0,
                        0.0,
                        0.9998829960823059,
                        -0.015285000205039978,
                        0.0,
                        0.0,
                        0.015285000205039978,
                        0.9998829960823059,
                        0.0,
                        0.0,
                        0.1879969984292984,
                        0.0,
                        1.0
                    ]
                },
                "globalTransforms": {
                    "values": [
                        -1.192093463942001e-7,
                        0.0,
                        -1.0000001192092896,
                        0.0,
                        -0.055941589176654819,
                        0.9984334111213684,
                        -5.3493820928451899e-8,
                        0.0,
                        0.9984334111213684,
                        0.055941589176654819,
                        -1.4459698149948964e-7,
                        0.0,
                        -0.1060016006231308,
                        3.3531906604766847,
                        0.000002976211362692993,
                        1.0
                    ]
                }
            },
            "metadata": {
                "importedIdentifier": "chest_bottom",
                "importedName": "chest_bottom",
                "isBone": false
            }
        },
        "children": [
            "C310050A-0927-46C3-8873-B5CD0926CA3A"
        ]
    },
    {
        "@class": "BaseNode",
        "object3D": {
            "@class": "BaseObject3D",
            "id": {
                "uuid": "C310050A-0927-46C3-8873-B5CD0926CA3A"
            },
            "name": "chest",
            "enabled": true,
            "visible": true,
            "hitVisible": true,
            "transform": {
                "@class": "BaseComponentTransformable",
                "localTransforms": {
                    "values": [
                        1.0,
                        0.0,
                        0.0,
                        0.0,
                        0.0,
                        0.9999970197677612,
                        0.002558999927714467,
                        0.0,
                        0.0,
                        -0.002558999927714467,
                        0.9999970197677612,
                        0.0,
                        0.0,
                        0.15621300041675569,
                        0.0,
                        1.0
                    ]
                },
                "globalTransforms": {
                    "values": [
                        -1.192093463942001e-7,
                        0.0,
                        -1.0000001192092896,
                        0.0,
                        -0.05338643118739128,
                        0.9985736012458801,
                        -5.386368329141078e-8,
                        0.0,
                        0.9985736012458801,
                        0.05338643118739128,
                        -1.4445966201037664e-7,
                        0.0,
                        -0.11474040150642395,
                        3.5091588497161867,
                        0.0000029678549253731036,
                        1.0
                    ]
                }
            },
            "metadata": {
                "importedIdentifier": "chest",
                "importedName": "chest",
                "isBone": false
            }
        },
        "children": [
            "F9592BCE-F645-4DC2-85F5-4C7866F09D00",
            "577F07CA-775B-4BF4-AC82-DFF234587865",
            "C206AD5D-CD50-4D62-820E-48D3510E4644"
        ]
    },
    {
        "@class": "BaseNode",
        "object3D": {
            "@class": "BaseObject3D",
            "id": {
                "uuid": "F9592BCE-F645-4DC2-85F5-4C7866F09D00"
            },
            "name": "neck",
            "enabled": true,
            "visible": true,
            "hitVisible": true,
            "transform": {
                "@class": "BaseComponentTransformable",
                "localTransforms": {
                    "values": [
                        1.0,
                        0.0,
                        0.0,
                        0.0,
                        0.0,
                        0.9985740184783936,
                        0.053387001156806949,
                        0.0,
                        0.0,
                        -0.053387001156806949,
                        0.9985740184783936,
                        0.0,
                        0.0,
                        0.18211700022220612,
                        -0.00010900000052060932,
                        1.0
                    ]
                },
                "globalTransforms": {
                    "values": [
                        -1.192093463942001e-7,
                        0.0,
                        -1.0000001192092896,
                        0.0,
                        5.438923835754395e-7,
                        0.9999997615814209,
                        -6.149914355546571e-8,
                        0.0,
                        0.9999997615814209,
                        -5.438923835754395e-7,
                        -1.4137803816538509e-7,
                        0.0,
                        -0.12457182258367539,
                        3.6910102367401125,
                        0.000002958061259050737,
                        1.0
                    ]
                }
            },
            "metadata": {
                "importedIdentifier": "neck",
                "importedName": "neck",
                "isBone": false
            }
        },
        "children": [
            "14E45E85-0179-4277-82B8-CE60ECF0BFD1"
        ]
    },
    {
        "@class": "BaseNode",
        "object3D": {
            "@class": "BaseObject3D",
            "id": {
                "uuid": "14E45E85-0179-4277-82B8-CE60ECF0BFD1"
            },
            "name": "Head",
            "enabled": true,
            "visible": true,
            "hitVisible": true,
            "transform": {
                "@class": "BaseComponentTransformable",
                "localTransforms": {
                    "values": [
                        1.0,
                        0.0,
                        0.0,
                        0.0,
                        0.0,
                        1.0,
                        0.0,
                        0.0,
                        0.0,
                        0.0,
                        1.0,
                        0.0,
                        0.0,
                        0.05620500072836876,
                        0.017246000468730928,
                        1.0
                    ]
                },
                "globalTransforms": {
                    "values": [
                        -1.192093463942001e-7,
                        0.0,
                        -1.0000001192092896,
                        0.0,
                        5.438923835754395e-7,
                        0.9999997615814209,
                        -6.149914355546571e-8,
                        0.0,
                        0.9999997615814209,
                        -5.438923835754395e-7,
                        -1.4137803816538509e-7,
                        0.0,
                        -0.10732579231262207,
                        3.7472152709960939,
                        0.0000029521665965148715,
                        1.0
                    ]
                }
            },
            "metadata": {
                "importedIdentifier": "Head",
                "importedName": "Head",
                "isBone": false
            }
        },
        "children": [
            "534F2283-A5A1-4A63-ADA5-C37C2603282E"
        ]
    },
    {
        "@class": "BaseNode",
        "object3D": {
            "@class": "BaseObject3D",
            "id": {
                "uuid": "534F2283-A5A1-4A63-ADA5-C37C2603282E"
            },
            "name": "Head_end",
            "enabled": true,
            "visible": true,
            "hitVisible": true,
            "transform": {
                "@class": "BaseComponentTransformable",
                "localTransforms": {
                    "values": [
                        1.0,
                        0.0,
                        0.0,
                        0.0,
                        0.0,
                        1.0,
                        0.0,
                        0.0,
                        0.0,
                        0.0,
                        1.0,
                        0.0,
                        0.0,
                        0.24605299532413484,
                        0.0,
                        1.0
                    ]
                },
                "globalTransforms": {
                    "values": [
                        -1.192093463942001e-7,
                        0.0,
                        -1.0000001192092896,
                        0.0,
                        5.438923835754395e-7,
                        0.9999997615814209,
                        -6.149914355546571e-8,
                        0.0,
                        0.9999997615814209,
                        -5.438923835754395e-7,
                        -1.4137803816538509e-7,
                        0.0,
                        -0.10732565820217133,
                        3.9932682514190676,
                        0.000002937034651040449,
                        1.0
                    ]
                }
            },
            "metadata": {
                "importedIdentifier": "Head_end",
                "importedName": "Head_end",
                "isBone": false
            }
        }
    },
    {
        "@class": "BaseNode",
        "object3D": {
            "@class": "BaseObject3D",
            "id": {
                "uuid": "577F07CA-775B-4BF4-AC82-DFF234587865"
            },
            "name": "shoulder.L",
            "enabled": true,
            "visible": true,
            "hitVisible": true,
            "transform": {
                "@class": "BaseComponentTransformable",
                "localTransforms": {
                    "values": [
                        -0.01758899912238121,
                        -0.024663999676704408,
                        -0.9995409846305847,
                        0.0,
                        0.9809579849243164,
                        -0.19381999969482423,
                        -0.012480000033974648,
                        0.0,
                        -0.19342300295829774,
                        -0.9807270169258118,
                        0.0276040006428957,
                        0.0,
                        0.06019999831914902,
                        0.1586720049381256,
                        -0.0014990000054240227,
                        1.0
                    ]
                },
                "globalTransforms": {
                    "values": [
                        -0.9967985153198242,
                        -0.07799074798822403,
                        0.01758914813399315,
                        0.0,
                        -0.002114958129823208,
                        -0.19420979917049409,
                        -0.980958104133606,
                        0.0,
                        0.07992216944694519,
                        -0.9778544306755066,
                        0.1934230923652649,
                        0.0,
                        -0.12470820546150208,
                        3.667524576187134,
                        -0.06019704416394234,
                        1.0
                    ]
                }
            },
            "metadata": {
                "importedIdentifier": "shoulder.L",
                "importedName": "shoulder.L",
                "isBone": false
            }
        },
        "children": [
            "2E2F01CF-3F16-4360-A688-B7B799EF2A35"
        ]
    },
    {
        "@class": "BaseNode",
        "object3D": {
            "@class": "BaseObject3D",
            "id": {
                "uuid": "2E2F01CF-3F16-4360-A688-B7B799EF2A35"
            },
            "name": "arm.L",
            "enabled": true,
            "visible": true,
            "hitVisible": true,
            "transform": {
                "@class": "BaseComponentTransformable",
                "localTransforms": {
                    "values": [
                        0.9633740186691284,
                        -0.035144999623298648,
                        -0.26584601402282717,
                        0.0,
                        -0.01758899912238121,
                        0.9809579849243164,
                        -0.19342300295829774,
                        0.0,
                        0.2675809860229492,
                        0.19101500511169434,
                        0.9444109797477722,
                        0.0,
                        0.0,
                        0.1292410045862198,
                        0.0,
                        1.0
                    ]
                },
                "globalTransforms": {
                    "values": [
                        -0.9814624190330505,
                        0.19164995849132539,
                        -5.587935447692871e-8,
                        0.0,
                        -7.832422852516174e-7,
                        -3.2782554626464846e-7,
                        -1.0000004768371583,
                        0.0,
                        -0.1916489452123642,
                        -0.981462299823761,
                        -3.129243850708008e-7,
                        0.0,
                        -0.12498154491186142,
                        3.6424248218536379,
                        -0.1869770586490631,
                        1.0
                    ]
                }
            },
            "metadata": {
                "importedIdentifier": "arm.L",
                "importedName": "arm.L",
                "isBone": false
            }
        },
        "children": [
            "83325F19-089B-474C-987C-E27DF43A0D1E"
        ]
    },
    {
        "@class": "BaseNode",
        "object3D": {
            "@class": "BaseObject3D",
            "id": {
                "uuid": "83325F19-089B-474C-987C-E27DF43A0D1E"
            },
            "name": "forearm.L",
            "enabled": true,
            "visible": true,
            "hitVisible": true,
            "transform": {
                "@class": "BaseComponentTransformable",
                "localTransforms": {
                    "values": [
                        1.0,
                        0.0,
                        0.0006760000251233578,
                        0.0,
                        0.0,
                        1.0,
                        0.0,
                        0.0,
                        -0.0006760000251233578,
                        0.0,
                        0.9999989867210388,
                        0.0,
                        0.0,
                        0.2877019941806793,
                        0.0,
                        1.0
                    ]
                },
                "globalTransforms": {
                    "values": [
                        -0.9815919995307922,
                        0.1909864842891693,
                        -5.609089015479185e-8,
                        0.0,
                        -7.832422852516174e-7,
                        -3.2782554626464846e-7,
                        -1.0000004768371583,
                        0.0,
                        -0.1909852772951126,
                        -0.9815908670425415,
                        -3.1288629998016406e-7,
                        0.0,
                        -0.12498176842927933,
                        3.6424248218536379,
                        -0.47467920184135439,
                        1.0
                    ]
                }
            },
            "metadata": {
                "importedIdentifier": "forearm.L",
                "importedName": "forearm.L",
                "isBone": false
            }
        },
        "children": [
            "443C304A-F972-4020-A0A8-ACF224FE4FF3"
        ]
    },
    {
        "@class": "BaseNode",
        "object3D": {
            "@class": "BaseObject3D",
            "id": {
                "uuid": "443C304A-F972-4020-A0A8-ACF224FE4FF3"
            },
            "name": "hand.L",
            "enabled": true,
            "visible": true,
            "hitVisible": true,
            "transform": {
                "@class": "BaseComponentTransformable",
                "localTransforms": {
                    "values": [
                        0.9736570119857788,
                        -0.14826400578022004,
                        0.1732330024242401,
                        0.0,
                        0.1402219980955124,
                        0.9884290099143982,
                        0.057847000658512118,
                        0.0,
                        -0.1798049956560135,
                        -0.03203200176358223,
                        0.9831809997558594,
                        0.0,
                        0.0,
                        0.30983099341392519,
                        0.0,
                        1.0
                    ]
                },
                "globalTransforms": {
                    "values": [
                        -0.9888187646865845,
                        0.015911445021629335,
                        0.14826396107673646,
                        0.0,
                        -0.14868949353694917,
                        -0.03000190667808056,
                        -0.9884294867515564,
                        0.0,
                        -0.011277914047241211,
                        -0.9994218349456787,
                        0.032031718641519549,
                        0.0,
                        -0.12498201429843903,
                        3.6424248218536379,
                        -0.7845103740692139,
                        1.0
                    ]
                }
            },
            "metadata": {
                "importedIdentifier": "hand.L",
                "importedName": "hand.L",
                "isBone": false
            }
        },
        "children": [
            "628A7404-C9F9-491A-933C-0B60C65CC126",
            "DD7AD1FB-97E9-47FA-83B8-A01010A0C508",
            "4A733AE8-7C2E-4577-8496-8E88B36ADBE7",
            "FE26DD51-E009-4AB0-9C3F-BB9024DED86C",
            "27DC4AFE-D9E8-4164-B1B7-13C027584AD8"
        ]
    },
    {
        "@class": "BaseNode",
        "object3D": {
            "@class": "BaseObject3D",
            "id": {
                "uuid": "628A7404-C9F9-491A-933C-0B60C65CC126"
            },
            "name": "f_Thumb1.L",
            "enabled": true,
            "visible": true,
            "hitVisible": true,
            "transform": {
                "@class": "BaseComponentTransformable",
                "localTransforms": {
                    "values": [
                        0.854882001876831,
                        0.5166299939155579,
                        -0.047637999057769778,
                        0.0,
                        -0.4536759853363037,
                        0.7889270186424255,
                        0.41445401310920718,
                        0.0,
                        0.2517029941082001,
                        -0.3326970040798187,
                        0.9088230133056641,
                        0.0,
                        -0.0332069993019104,
                        0.027070999145507814,
                        0.012755000032484532,
                        1.0
                    ]
                },
                "globalTransforms": {
                    "values": [
                        -0.9216035604476929,
                        0.04571298137307167,
                        -0.3854300379753113,
                        0.0,
                        0.3266240060329437,
                        -0.44510236382484438,
                        -0.8337868452072144,
                        0.0,
                        -0.20966972410678864,
                        -0.8943110108375549,
                        0.3952771723270416,
                        0.0,
                        -0.09631533175706864,
                        3.6283366680145265,
                        -0.8157829642295837,
                        1.0
                    ]
                }
            },
            "metadata": {
                "importedIdentifier": "f_Thumb1.L",
                "importedName": "f_Thumb1.L",
                "isBone": false
            }
        },
        "children": [
            "352BA52F-3211-43D9-B7AD-2B84F6DD4027"
        ]
    },
    {
        "@class": "BaseNode",
        "object3D": {
            "@class": "BaseObject3D",
            "id": {
                "uuid": "352BA52F-3211-43D9-B7AD-2B84F6DD4027"
            },
            "name": "f_Thumb2.L",
            "enabled": true,
            "visible": true,
            "hitVisible": true,
            "transform": {
                "@class": "BaseComponentTransformable",
                "localTransforms": {
                    "values": [
                        0.9824190139770508,
                        0.1866849958896637,
                        0.00120599998626858,
                        0.0,
                        -0.1866849958896637,
                        0.982420027256012,
                        -0.00006399999983841553,
                        0.0,
                        -0.0011970000341534615,
                        -0.00016199999663513154,
                        0.9999989867210388,
                        0.0,
                        -0.0055959997698664669,
                        0.04139700159430504,
                        0.0,
                        1.0
                    ]
                },
                "globalTransforms": {
                    "values": [
                        -0.8446779251098633,
                        -0.03926317021250725,
                        -0.5338325500488281,
                        0.0,
                        0.4929449260234833,
                        -0.44575414061546328,
                        -0.7472001314163208,
                        0.0,
                        -0.20861926674842835,
                        -0.8942927122116089,
                        0.39587321877479555,
                        0.0,
                        -0.07763678580522537,
                        3.6096549034118654,
                        -0.8481423854827881,
                        1.0
                    ]
                }
            },
            "metadata": {
                "importedIdentifier": "f_Thumb2.L",
                "importedName": "f_Thumb2.L",
                "isBone": false
            }
        },
        "children": [
            "CFCE513B-15F2-4DFB-9E61-FF531CCCA7AF"
        ]
    },
    {
        "@class": "BaseNode",
        "object3D": {
            "@class": "BaseObject3D",
            "id": {
                "uuid": "CFCE513B-15F2-4DFB-9E61-FF531CCCA7AF"
            },
            "name": "f_Thumb3.L",
            "enabled": true,
            "visible": true,
            "hitVisible": true,
            "transform": {
                "@class": "BaseComponentTransformable",
                "localTransforms": {
                    "values": [
                        0.9985780119895935,
                        -0.05331199988722801,
                        0.0003009999927598983,
                        0.0,
                        0.05331199988722801,
                        0.9985780119895935,
                        0.0,
                        0.0,
                        -0.0003009999927598983,
                        0.000015999999959603885,
                        1.0,
                        0.0,
                        0.0026179999113082887,
                        0.048695001751184466,
                        0.0,
                        1.0
                    ]
                },
                "globalTransforms": {
                    "values": [
                        -0.8698195219039917,
                        -0.015712477266788484,
                        -0.4931195378303528,
                        0.0,
                        0.4472125172615051,
                        -0.44721347093582156,
                        -0.7745972871780396,
                        0.0,
                        -0.20835712552070619,
                        -0.8942880034446716,
                        0.39602193236351015,
                        0.0,
                        -0.055844198912382129,
                        3.587846040725708,
                        -0.8859248757362366,
                        1.0
                    ]
                }
            },
            "metadata": {
                "importedIdentifier": "f_Thumb3.L",
                "importedName": "f_Thumb3.L",
                "isBone": false
            }
        },
        "children": [
            "596FE8D7-4CD9-4983-A452-B715BA7529C1"
        ]
    },
    {
        "@class": "BaseNode",
        "object3D": {
            "@class": "BaseObject3D",
            "id": {
                "uuid": "596FE8D7-4CD9-4983-A452-B715BA7529C1"
            },
            "name": "f_Thumb3.L_end",
            "enabled": true,
            "visible": true,
            "hitVisible": true,
            "transform": {
                "@class": "BaseComponentTransformable",
                "localTransforms": {
                    "values": [
                        1.0,
                        0.0,
                        0.0,
                        0.0,
                        0.0,
                        1.0,
                        0.0,
                        0.0,
                        0.0,
                        0.0,
                        1.0,
                        0.0,
                        0.0,
                        0.04445600137114525,
                        0.0,
                        1.0
                    ]
                },
                "globalTransforms": {
                    "values": [
                        -0.8698195219039917,
                        -0.015712477266788484,
                        -0.4931195378303528,
                        0.0,
                        0.4472125172615051,
                        -0.44721347093582156,
                        -0.7745972871780396,
                        0.0,
                        -0.20835712552070619,
                        -0.8942880034446716,
                        0.39602193236351015,
                        0.0,
                        -0.035962916910648349,
                        3.567964792251587,
                        -0.9203603863716126,
                        1.0
                    ]
                }
            },
            "metadata": {
                "importedIdentifier": "f_Thumb3.L_end",
                "importedName": "f_Thumb3.L_end",
                "isBone": false
            }
        }
    },
    {
        "@class": "BaseNode",
        "object3D": {
            "@class": "BaseObject3D",
            "id": {
                "uuid": "DD7AD1FB-97E9-47FA-83B8-A01010A0C508"
            },
            "name": "f_Index1.L",
            "enabled": true,
            "visible": true,
            "hitVisible": true,
            "transform": {
                "@class": "BaseComponentTransformable",
                "localTransforms": {
                    "values": [
                        0.9889330267906189,
                        0.1483599990606308,
                        0.0006189999985508621,
                        0.0,
                        -0.14826400578022004,
                        0.9884290099143982,
                        -0.03203200176358223,
                        0.0,
                        -0.005363999865949154,
                        0.031585998833179477,
                        0.9994869828224182,
                        0.0,
                        -0.041352998465299609,
                        0.10345499962568283,
                        0.00018099999579135329,
                        1.0
                    ]
                },
                "globalTransforms": {
                    "values": [
